0 0.6640625 0.61796875 0.178125 0.090625
2 0.5546875 0.33984375 0.109375 0.0453125
2 0.55390625 0.26484375 0.0890625 0.0328125
2 0.57734375 0.5015625 0.11875 0.04375
2 0.5359375 0.45 0.059375 0.01875
2 0.509375 0.2984375 0.0546875 0.01875
2 0.56953125 0.4125 0.1015625 0.0359375
2 0.59453125 0.58046875 0.103125 0.0390625
2 0.54921875 0.53984375 0.0703125 0.021875
2 0.5234375 0.36875 0.0515625 0.015625
2 0.52890625 0.59140625 0.0265625 0.0125
2 0.509375 0.41640625 0.01875 0.0109375
2 0.490625 0.3328125 0.0171875 0.009375