1 0.48515625 0.79453125 0.0609375 0.025
1 0.44140625 0.46953125 0.1484375 0.025
2 0.40078125 0.8875 0.16875 0.0453125
1 0.434375 0.51484375 0.1390625 0.0296875
2 0.3328125 0.0359375 0.2390625 0.06875
2 0.37890625 0.7859375 0.1515625 0.0421875
0 0.3390625 0.41484375 0.165625 0.0453125
2 0.4125 0.98515625 0.175 0.0296875
1 0.4875 0.546875 0.0640625 0.0234375
2 0.3484375 0.21875 0.21875 0.0546875
2 0.38515625 0.6625 0.1953125 0.034375
1 0.45078125 0.5890625 0.153125 0.0296875
2 0.36328125 0.5390625 0.1859375 0.040625
1 0.44921875 0.640625 0.1484375 0.025
1 0.43515625 0.61953125 0.11875 0.0234375
1 0.5015625 0.4921875 0.0515625 0.0203125
1 0.41953125 0.4875 0.1046875 0.0171875
1 0.5015625 0.6640625 0.034375 0.0203125
1 0.45078125 0.565625 0.146875 0.0203125