0 0.29140625 0.49453125 0.05 0.15
2 0.57109375 0.915625 0.0234375 0.0734375
2 0.5140625 0.91484375 0.0296875 0.0546875
2 0.44921875 0.896875 0.025 0.0609375
2 0.39609375 0.884375 0.0203125 0.0625
2 0.60234375 0.5578125 0.01875 0.065625
2 0.6453125 0.565625 0.0109375 0.0484375
2 0.5640625 0.54375 0.01875 0.0546875
2 0.52265625 0.5234375 0.0125 0.059375
2 0.4859375 0.5171875 0.0125 0.05
2 0.44765625 0.50625 0.0140625 0.0484375
2 0.41484375 0.49140625 0.01875 0.0609375
2 0.37578125 0.478125 0.015625 0.0546875