0 0.3703125 0.66640625 0.1859375 0.103125
2 0.37734375 0.36171875 0.1140625 0.053125
2 0.35078125 0.28828125 0.09375 0.040625
2 0.41171875 0.52421875 0.121875 0.0515625
2 0.434375 0.46015625 0.0609375 0.0234375
2 0.40625 0.30546875 0.0546875 0.021875
2 0.38828125 0.4359375 0.1046875 0.0421875
2 0.4234375 0.60546875 0.10625 0.0453125
2 0.45234375 0.55078125 0.0703125 0.0265625
2 0.4171875 0.378125 0.0515625 0.0203125
2 0.48984375 0.59296875 0.0265625 0.015625
2 0.44765625 0.41875 0.0203125 0.0125
2 0.4359375 0.33125 0.0171875 0.0109375