2 0.8234375 0.5515625 0.10625 0.040625
2 0.76953125 0.31171875 0.1 0.04375
2 0.78515625 0.3828125 0.1015625 0.0421875
2 0.8046875 0.47109375 0.1203125 0.0484375
0 0.59609375 0.2515625 0.1828125 0.0765625
2 0.83828125 0.63671875 0.1140625 0.0421875
2 0.56328125 0.51484375 0.0640625 0.0234375
2 0.57578125 0.5609375 0.078125 0.0265625
2 0.6109375 0.6609375 0.0671875 0.028125
2 0.53515625 0.4265625 0.059375 0.0203125
2 0.5953125 0.609375 0.0671875 0.0296875
2 0.55546875 0.46796875 0.0546875 0.0203125
2 0.5203125 0.378125 0.06875 0.021875