2 0.5609375 0.61875 0.01484375 0.0390625
0 0.33828125 0.40703125 0.03046875 0.13671875
2 0.596875 0.62578125 0.01328125 0.04296875
2 0.53046875 0.9859375 0.01796875 0.0265625
2 0.49140625 0.59921875 0.00859375 0.03984375
2 0.52265625 0.60625 0.01015625 0.04375
2 0.58046875 0.98046875 0.01015625 0.03671875
2 0.6328125 0.63515625 0.01015625 0.04453125
2 0.71015625 0.66015625 0.0140625 0.046875
2 0.634375 0.9890625 0.01171875 0.02109375
2 0.67421875 0.99140625 0.01328125 0.0171875
2 0.675 0.64765625 0.00703125 0.03671875