1 0.10078125 0.58203125 0.03046875 0.178125
1 0.0703125 0.58828125 0.025 0.1640625
2 0.63828125 0.61171875 0.02890625 0.18515625
2 0.51875 0.63828125 0.03828125 0.18203125
2 0.92890625 0.5734375 0.0375 0.140625
2 0.7546875 0.60703125 0.0359375 0.14609375
2 0.84765625 0.58359375 0.03203125 0.15859375
0 0.40078125 0.68125 0.03125 0.15078125
1 0.02109375 0.60234375 0.03046875 0.1640625
1 0.19296875 0.57890625 0.02578125 0.1640625
1 0.6796875 0.4890625 0.02109375 0.0390625
2 0.02109375 0.71328125 0.0421875 0.21796875
1 0.67421875 0.55703125 0.02109375 0.10546875
2 0.20078125 0.67890625 0.05390625 0.22109375
1 0.16015625 0.50234375 0.01953125 0.04375
1 0.15859375 0.59765625 0.0203125 0.13828125
1 0.13828125 0.59609375 0.02109375 0.14296875
1 0.23203125 0.56640625 0.03203125 0.15
1 0.38359375 0.571875 0.0265625 0.16484375
1 0.30625 0.834375 0.071875 0.33046875