0 0.38671875 0.79765625 0.0546875 0.103125
2 0.4046875 0.615625 0.0359375 0.1
2 0.48046875 0.609375 0.040625 0.1046875
2 0.559375 0.59765625 0.03125 0.1078125
2 0.73046875 0.5828125 0.040625 0.1171875
2 0.7015625 0.51640625 0.01875 0.0671875
2 0.45546875 0.52734375 0.01875 0.0671875
2 0.653125 0.58046875 0.0375 0.1328125
2 0.4125 0.53125 0.0140625 0.0609375
2 0.5078125 0.528125 0.0171875 0.0625
2 0.55234375 0.52421875 0.0125 0.040625
2 0.60078125 0.52578125 0.0140625 0.059375
2 0.64453125 0.5 0.0109375 0.03125
2 0.75546875 0.5125 0.015625 0.0703125