0 0.6515625 0.6265625 0.065625 0.1546875
2 0.5 0.5609375 0.01953125 0.09375
2 0.34921875 0.56171875 0.02421875 0.1
2 0.42890625 0.56484375 0.02734375 0.0890625
2 0.46796875 0.5171875 0.01328125 0.065625
2 0.38671875 0.51875 0.01484375 0.05703125
2 0.55546875 0.528125 0.01015625 0.0484375
2 0.31484375 0.51953125 0.01015625 0.0546875
2 0.57265625 0.55390625 0.0203125 0.096875
2 0.60234375 0.51953125 0.00859375 0.05078125
2 0.515625 0.5203125 0.01015625 0.06015625
2 0.4265625 0.50390625 0.01015625 0.0296875