0 0.37109375 0.65390625 0.03203125 0.16796875
1 0.84140625 0.51171875 0.02109375 0.06484375
2 0.95078125 0.60703125 0.05546875 0.178125
2 0.8328125 0.62421875 0.0453125 0.1640625
2 0.225 0.640625 0.04453125 0.20625
1 0.76484375 0.54765625 0.02421875 0.1453125
1 0.98828125 0.55390625 0.02265625 0.153125
2 0.06953125 0.640625 0.05078125 0.19140625
2 0.5375 0.62890625 0.05546875 0.19375
2 0.68671875 0.62109375 0.04140625 0.190625
1 0.6546875 0.56015625 0.0203125 0.14296875
1 0.7421875 0.54921875 0.01640625 0.14375
1 0.82109375 0.55078125 0.01953125 0.13671875
1 0.7890625 0.490625 0.01484375 0.040625
1 0.67265625 0.49921875 0.015625 0.0515625
1 0.6984375 0.51015625 0.01953125 0.0296875
1 0.725 0.55546875 0.0171875 0.14296875
1 0.80234375 0.565625 0.01484375 0.11484375
1 0.7859375 0.5671875 0.015625 0.1140625
1 0.80390625 0.48984375 0.0140625 0.0328125