0 0.7125 0.328125 0.184375 0.0390625
1 0.56484375 0.85078125 0.071875 0.0234375
2 0.671875 0.96796875 0.1984375 0.0609375
2 0.6890625 0.8390625 0.1828125 0.053125
2 0.69453125 0.16796875 0.2296875 0.0546875
1 0.60234375 0.765625 0.1609375 0.0296875
2 0.690625 0.01328125 0.2125 0.0265625
2 0.68828125 0.51328125 0.215625 0.065625
2 0.6828125 0.678125 0.2125 0.05
1 0.6140625 0.64375 0.1578125 0.025
1 0.60390625 0.740625 0.159375 0.021875
1 0.60703125 0.828125 0.1515625 0.025
1 0.540625 0.79296875 0.04375 0.015625
1 0.546875 0.66484375 0.05625 0.01875
1 0.56015625 0.69296875 0.0328125 0.021875
1 0.6109375 0.721875 0.1578125 0.021875
1 0.6234375 0.80625 0.128125 0.01875
1 0.62421875 0.78828125 0.125 0.0203125
1 0.5390625 0.81015625 0.0359375 0.015625