1 0.4609375 0.58125 0.025 0.1546875
1 0.1671875 0.59453125 0.02265625 0.15859375
1 0.1921875 0.590625 0.02578125 0.16171875
2 0.9609375 0.58515625 0.02890625 0.140625
1 0.12265625 0.60859375 0.028125 0.15078125
2 0.08828125 0.71875 0.07578125 0.20546875
2 0.78515625 0.62109375 0.03828125 0.13671875
2 0.8703125 0.5984375 0.03046875 0.15703125
1 0.28125 0.58671875 0.02421875 0.15390625
2 0.5609375 0.65390625 0.0453125 0.165625
1 0.73359375 0.55390625 0.03203125 0.13046875
2 0.25703125 0.6859375 0.05625 0.2046875
0 0.425 0.684375 0.05 0.1609375
1 0.23203125 0.603125 0.02265625 0.13125
1 0.3125 0.58359375 0.0265625 0.146875
1 0.0640625 0.6109375 0.02421875 0.1859375
1 0.09140625 0.6015625 0.03046875 0.18203125
1 0.2484375 0.51484375 0.02109375 0.0390625
2 0.675 0.6234375 0.02265625 0.1796875
1 0.6953125 0.76484375 0.046875 0.28125