2 0.6453125 0.76953125 0.01796875 0.09375
2 0.425 0.7640625 0.02265625 0.08671875
2 0.48984375 0.765625 0.02109375 0.08828125
2 0.57109375 0.7671875 0.0234375 0.1046875
0 0.3421875 0.62109375 0.03984375 0.159375
2 0.721875 0.76875 0.01953125 0.1
2 0.56796875 0.5484375 0.01171875 0.05546875
2 0.61015625 0.55078125 0.01015625 0.06875
2 0.70390625 0.56484375 0.01328125 0.059375
2 0.48515625 0.5390625 0.009375 0.05390625
2 0.65703125 0.56015625 0.015625 0.059375
2 0.52578125 0.55 0.009375 0.046875
2 0.440625 0.53359375 0.00859375 0.06171875