1 0.5640625 0.2125 0.14375 0.034375
1 0.515625 0.13671875 0.0859375 0.03125
0 0.63046875 0.66484375 0.1921875 0.0625
2 0.62890625 0.03125 0.2171875 0.05625
2 0.60390625 0.9796875 0.2203125 0.040625
2 0.59140625 0.82734375 0.2 0.0765625
2 0.64140625 0.171875 0.184375 0.0625
1 0.55703125 0.25703125 0.15625 0.0328125
2 0.6171875 0.325 0.2203125 0.05
1 0.5625 0.0765625 0.1546875 0.03125
1 0.5625 0.0546875 0.153125 0.0359375
2 0.621875 0.4671875 0.196875 0.0390625
1 0.55546875 0.18125 0.1484375 0.0328125
1 0.48828125 0.10703125 0.0375 0.021875
1 0.575 0.12109375 0.125 0.0265625
1 0.49375 0.234375 0.0578125 0.01875
1 0.578125 0.23984375 0.1125 0.0234375