0 0.4 0.19765625 0.0625 0.1078125
2 0.4125 0.3859375 0.040625 0.1046875
2 0.490625 0.39609375 0.0453125 0.109375
2 0.57265625 0.41015625 0.0375 0.1125
2 0.7484375 0.43203125 0.0484375 0.121875
2 0.71640625 0.5 0.021875 0.06875
2 0.4625 0.4796875 0.0203125 0.0703125
2 0.66796875 0.43125 0.0453125 0.140625
2 0.4171875 0.47421875 0.0171875 0.0625
2 0.515625 0.48046875 0.021875 0.0640625
2 0.56171875 0.48515625 0.0140625 0.0421875
2 0.6125 0.4859375 0.0171875 0.0625
2 0.65625 0.51484375 0.0109375 0.03125
2 0.771875 0.50546875 0.01875 0.071875