1 0.434375 0.4421875 0.16875 0.0421875
1 0.446875 0.12578125 0.1734375 0.040625
1 0.45 0.15234375 0.1765625 0.04375
2 0.3828125 0.97734375 0.1546875 0.040625
1 0.4359375 0.0765625 0.1640625 0.0453125
2 0.321875 0.03984375 0.228125 0.0796875
2 0.36015625 0.7875 0.15 0.0546875
2 0.37734375 0.88046875 0.171875 0.046875
1 0.44453125 0.24921875 0.1671875 0.040625
2 0.34609375 0.54296875 0.18125 0.065625
1 0.4375 0.7375 0.14375 0.046875
2 0.340625 0.2140625 0.2265625 0.0796875
0 0.3265625 0.39375 0.1796875 0.06875
1 0.4328125 0.19453125 0.14375 0.0375
1 0.4453125 0.2828125 0.1609375 0.0421875
1 0.43984375 0.0171875 0.2015625 0.034375
1 0.44765625 0.04375 0.1984375 0.05
1 0.525 0.2203125 0.04375 0.025
2 0.36875 0.66875 0.1953125 0.0421875
1 0.2140625 0.6765625 0.30625 0.078125