1 0.50390625 0.84140625 0.14375 0.0390625
1 0.44296875 0.90703125 0.0859375 0.034375
0 0.64765625 0.40703125 0.19375 0.06875
2 0.67890625 0.075 0.2234375 0.0828125
2 0.63828125 0.240625 0.2015625 0.0828125
2 0.57265625 0.89375 0.1859375 0.06875
1 0.50546875 0.7953125 0.15625 0.0375
2 0.5765625 0.7390625 0.221875 0.0578125
1 0.47890625 0.975 0.1546875 0.0359375
1 0.475 0.9875 0.153125 0.025
2 0.6046875 0.60078125 0.196875 0.0453125
1 0.48984375 0.8703125 0.1484375 0.0375
1 0.41171875 0.93203125 0.0375 0.021875
1 0.49921875 0.9328125 0.125 0.0328125
1 0.43828125 0.8078125 0.0578125 0.021875
1 0.5234375 0.81640625 0.1125 0.0265625