1 0.7171875 0.55703125 0.0234375 0.128125
1 0.67421875 0.553125 0.01953125 0.1390625
2 0.1765625 0.62265625 0.0375 0.196875
0 0.3375 0.64453125 0.0328125 0.13046875
2 0.91328125 0.5984375 0.0390625 0.190625
2 0.7828125 0.6234375 0.0390625 0.159375
2 0.50234375 0.61953125 0.04296875 0.196875
1 0.85859375 0.54453125 0.02109375 0.13984375
2 0.6421875 0.61328125 0.02890625 0.203125
1 0.78203125 0.51015625 0.02109375 0.07421875
2 0.0234375 0.61953125 0.04453125 0.175
1 0.74375 0.55078125 0.01953125 0.1484375
1 0.81875 0.5609375 0.0171875 0.115625
1 0.80390625 0.48359375 0.0171875 0.034375
1 0.69140625 0.57265625 0.01484375 0.103125
1 0.69140625 0.49453125 0.01796875 0.05
1 0.8015625 0.559375 0.01796875 0.11875
1 0.83828125 0.54609375 0.01875 0.1390625
1 0.76171875 0.54765625 0.015625 0.14921875