0 0.4953125 0.70625 0.159375 0.059375
2 0.95234375 0.42578125 0.0765625 0.028125
2 0.94921875 0.48671875 0.059375 0.034375
2 0.92734375 0.5546875 0.065625 0.0296875
2 0.9125 0.61015625 0.0671875 0.025
2 0.57421875 0.3796875 0.0703125 0.0234375
2 0.584375 0.334375 0.05 0.0125
2 0.5578125 0.41953125 0.0578125 0.0203125
2 0.534375 0.4625 0.0640625 0.015625
2 0.5265625 0.5015625 0.0546875 0.0171875
2 0.5140625 0.54140625 0.053125 0.0171875
2 0.496875 0.575 0.0640625 0.0203125
2 0.48125 0.615625 0.0578125 0.0171875