1 0.50390625 0.91015625 0.18125 0.0671875
1 0.50546875 0.94140625 0.1671875 0.059375
2 0.3625 0.3875 0.1875 0.065625
2 0.36171875 0.5109375 0.1890625 0.0765625
2 0.33984375 0.09296875 0.1453125 0.065625
2 0.34296875 0.271875 0.1515625 0.065625
2 0.346875 0.17578125 0.1625 0.065625
0 0.34453125 0.6359375 0.1546875 0.0625
1 0.5015625 0.9796875 0.16875 0.040625
1 0.4875 0.81796875 0.1671875 0.0609375
1 0.47578125 0.32109375 0.0421875 0.0296875
2 0.3921875 0.9859375 0.221875 0.028125
1 0.40859375 0.34140625 0.1078125 0.04375
2 0.38828125 0.83125 0.228125 0.1
1 0.5703125 0.83515625 0.046875 0.028125
1 0.47734375 0.85625 0.140625 0.0484375
1 0.4828125 0.87578125 0.1453125 0.0515625
1 0.49296875 0.77734375 0.153125 0.0640625
1 0.4546875 0.6296875 0.1671875 0.0609375
1 0.2140625 0.76015625 0.3390625 0.1390625