2 0.615625 0.20234375 0.0296875 0.096875
2 0.39453125 0.2359375 0.034375 0.0890625
2 0.459375 0.2265625 0.0328125 0.0921875
2 0.54140625 0.21484375 0.0359375 0.1078125
0 0.328125 0.390625 0.059375 0.165625
2 0.69296875 0.19453125 0.0328125 0.103125
2 0.56484375 0.4359375 0.01875 0.0578125
2 0.6078125 0.428125 0.01875 0.0703125
2 0.7 0.40234375 0.0203125 0.0609375
2 0.4828125 0.45546875 0.015625 0.0546875
2 0.653125 0.4125 0.0234375 0.0609375
2 0.521875 0.43984375 0.015625 0.0484375
2 0.43828125 0.46640625 0.0171875 0.0625