1 0.46640625 0.22265625 0.0609375 0.028125
1 0.55 0.54453125 0.1515625 0.0328125
2 0.5390625 0.1203125 0.171875 0.0515625
1 0.55078125 0.49765625 0.1390625 0.0375
2 0.7109375 0.959375 0.24375 0.06875
2 0.5734375 0.21875 0.15625 0.05
0 0.659375 0.58671875 0.16875 0.0546875
2 0.51484375 0.02109375 0.1765625 0.0421875
1 0.49453125 0.47109375 0.0671875 0.028125
2 0.67421875 0.784375 0.221875 0.0671875
2 0.5828125 0.34375 0.1984375 0.0453125
1 0.52578125 0.42578125 0.1546875 0.0375
2 0.6203125 0.4640625 0.1890625 0.05
1 0.52109375 0.3734375 0.1515625 0.0328125
1 0.5375 0.39296875 0.1203125 0.0296875
1 0.48671875 0.52890625 0.0546875 0.0234375
1 0.56953125 0.52265625 0.1078125 0.0234375
1 0.465625 0.35625 0.0359375 0.021875
1 0.528125 0.44921875 0.1484375 0.028125