2 0.60546875 0.146875 0.0328125 0.078125
2 0.4703125 0.134375 0.03125 0.06875
2 0.54375 0.13984375 0.03125 0.084375
2 0.6078125 0.46171875 0.025 0.0578125
2 0.68046875 0.1484375 0.040625 0.06875
0 0.3140625 0.403125 0.0640625 0.1671875
2 0.65234375 0.4625 0.025 0.0609375
2 0.69609375 0.46328125 0.021875 0.0609375
2 0.4828125 0.4609375 0.015625 0.0453125
2 0.5234375 0.4625 0.0171875 0.05
2 0.5625 0.4640625 0.01875 0.05625
2 0.4453125 0.46640625 0.0171875 0.05625
2 0.40234375 0.46796875 0.0140625 0.053125