2 0.8734375 0.49609375 0.078125 0.0328125
2 0.84296875 0.36171875 0.06875 0.03125
2 0.8609375 0.434375 0.0859375 0.03125
2 0.57265625 0.59609375 0.0578125 0.025
2 0.8953125 0.56796875 0.0703125 0.040625
0 0.53671875 0.296875 0.1671875 0.065625
2 0.5859375 0.63828125 0.0609375 0.025
2 0.59921875 0.68125 0.0609375 0.021875
2 0.53515625 0.47578125 0.0453125 0.015625
2 0.54609375 0.51484375 0.05 0.0171875
2 0.55625 0.55234375 0.05625 0.01875
2 0.51796875 0.4421875 0.05625 0.01875
2 0.50234375 0.4015625 0.0546875 0.0140625