1 0.7828125 0.5546875 0.021875 0.1296875
1 0.8484375 0.50625 0.0234375 0.0765625
0 0.37578125 0.64375 0.04453125 0.171875
2 0.9515625 0.60234375 0.0359375 0.1953125
2 0.07265625 0.640625 0.05546875 0.19921875
2 0.22578125 0.61875 0.05703125 0.1796875
2 0.825 0.621875 0.0453125 0.1640625
1 0.74140625 0.55078125 0.0203125 0.140625
2 0.68359375 0.61015625 0.03203125 0.1984375
1 0.90625 0.54453125 0.01796875 0.13984375
1 0.92578125 0.54296875 0.021875 0.13828125
2 0.55546875 0.6234375 0.0234375 0.178125
1 0.8109375 0.54453125 0.02109375 0.134375
1 0.87421875 0.47890625 0.01796875 0.03203125
1 0.86640625 0.55859375 0.01796875 0.11171875
1 0.75859375 0.4921875 0.0140625 0.0515625
1 0.75859375 0.56953125 0.0140625 0.1015625