2 0.4484375 0.628125 0.0171875 0.046875
2 0.51875 0.60625 0.0109375 0.0375
2 0.5546875 0.6015625 0.0109375 0.0328125
2 0.3328125 0.6546875 0.015625 0.0421875
2 0.41171875 0.6359375 0.0140625 0.0421875
2 0.3734375 0.64453125 0.0109375 0.04375
2 0.4859375 0.61484375 0.0125 0.0484375
0 0.7 0.5 0.04375 0.1203125
2 0.4109375 0.984375 0.009375 0.0234375
2 0.459375 0.99140625 0.0171875 0.015625
2 0.51796875 0.9859375 0.0140625 0.028125
2 0.5640625 0.98359375 0.015625 0.0328125
2 0.3515625 0.99140625 0.009375 0.003125
2 0.584375 0.58828125 0.0078125 0.04375