1 0.55625 0.53203125 0.165625 0.046875
1 0.5328125 0.8421875 0.1703125 0.04375
1 0.53125 0.81640625 0.1734375 0.0484375
2 0.6234375 0.0171875 0.1484375 0.0296875
1 0.54140625 0.89140625 0.1625 0.0484375
2 0.653125 0.94140625 0.2265625 0.1078125
2 0.640625 0.1953125 0.1484375 0.0578125
2 0.6265625 0.103125 0.1703125 0.053125
1 0.5390625 0.72109375 0.1640625 0.0453125
2 0.6453125 0.4359375 0.1796875 0.06875
1 0.56328125 0.24140625 0.140625 0.0515625
2 0.63984375 0.759375 0.2234375 0.0859375
0 0.66015625 0.58359375 0.1765625 0.0734375
1 0.55 0.775 0.1421875 0.0421875
1 0.53984375 0.68828125 0.1578125 0.046875
1 0.5359375 0.953125 0.1984375 0.05
1 0.5296875 0.92421875 0.196875 0.05625
1 0.45859375 0.746875 0.04375 0.0265625
2 0.628125 0.31171875 0.1921875 0.0484375
1 0.7796875 0.309375 0.3015625 0.0859375