1 0.65 0.94296875 0.19375 0.059375
1 0.66015625 0.97109375 0.1765625 0.0453125
2 0.60078125 0.36640625 0.2015625 0.0578125
2 0.646875 0.490625 0.2 0.0671875
2 0.51640625 0.0640625 0.1546875 0.0609375
2 0.578125 0.24375 0.159375 0.059375
2 0.53984375 0.14921875 0.1734375 0.0578125
0 0.709375 0.609375 0.165625 0.05625
1 0.63203125 0.8453125 0.1765625 0.0515625
1 0.46328125 0.34140625 0.04375 0.0265625
1 0.53671875 0.33671875 0.1140625 0.0375
2 0.7375 0.821875 0.24375 0.090625
1 0.55546875 0.89140625 0.05 0.028125
1 0.65703125 0.87890625 0.15 0.0421875
1 0.65859375 0.90078125 0.1546875 0.04375
1 0.61328125 0.80546875 0.1640625 0.05625
1 0.596875 0.64375 0.1796875 0.053125
1 0.8515625 0.6890625 0.296875 0.121875