0 0.39140625 0.6484375 0.18125 0.0734375
1 0.4265625 0.12890625 0.071875 0.0375
2 0.30546875 0.05 0.1921875 0.078125
2 0.31171875 0.1640625 0.18125 0.0859375
2 0.440625 0.79609375 0.2234375 0.0953125
1 0.4078125 0.215625 0.1546875 0.059375
2 0.47734375 0.953125 0.2109375 0.09375
2 0.37734375 0.4703125 0.2140625 0.1046875
2 0.35078125 0.3140625 0.2078125 0.0890625
1 0.42109375 0.33203125 0.153125 0.0546875
1 0.4109375 0.23984375 0.153125 0.0515625
1 0.390625 0.15859375 0.146875 0.053125
1 0.4609375 0.178125 0.046875 0.025
1 0.48046875 0.29921875 0.05625 0.028125
1 0.46171875 0.2765625 0.034375 0.0265625
1 0.409375 0.259375 0.1515625 0.053125
1 0.3796875 0.18125 0.121875 0.0421875
1 0.3828125 0.19921875 0.121875 0.04375
1 0.4578125 0.16171875 0.0375 0.0234375