2 0.54765625 0.63125 0.01328125 0.0453125
2 0.48046875 0.60625 0.00859375 0.03828125
2 0.44453125 0.59921875 0.00859375 0.03203125
2 0.6609375 0.66328125 0.0140625 0.04140625
2 0.584375 0.64140625 0.01171875 0.04140625
2 0.62109375 0.65078125 0.01015625 0.04453125
2 0.51171875 0.615625 0.009375 0.04765625
0 0.30625 0.49140625 0.03828125 0.11875
2 0.56796875 0.98671875 0.0078125 0.0265625
2 0.51953125 0.99140625 0.0171875 0.0171875
2 0.46015625 0.98359375 0.0125 0.0328125
2 0.41484375 0.98046875 0.0140625 0.0390625
2 0.62578125 0.996875 0.01015625 0.00625
2 0.415625 0.584375 0.00703125 0.04296875