0 0.30859375 0.53203125 0.03359375 0.140625
2 0.6171875 0.90546875 0.015625 0.06875
2 0.5625 0.91015625 0.02421875 0.0515625
2 0.49921875 0.89921875 0.01875 0.05625
2 0.446875 0.89296875 0.01328125 0.05859375
2 0.6109375 0.56171875 0.0125 0.0609375
2 0.653125 0.56484375 0.00625 0.04609375
2 0.5734375 0.5515625 0.0109375 0.0515625
2 0.53203125 0.53671875 0.00625 0.0578125
2 0.49609375 0.534375 0.0078125 0.0484375
2 0.45859375 0.528125 0.0078125 0.046875
2 0.42578125 0.51640625 0.01171875 0.05703125
2 0.3875 0.50859375 0.00859375 0.05234375