1 0.60703125 0.70234375 0.1421875 0.034375
1 0.59921875 0.65625 0.153125 0.0328125
2 0.6375 0.1078125 0.2171875 0.05625
0 0.67421875 0.2828125 0.1453125 0.0453125
2 0.66640625 0.9125 0.2125 0.0578125
2 0.684375 0.76796875 0.178125 0.05625
2 0.659375 0.46328125 0.21875 0.0625
1 0.6046875 0.85703125 0.1546875 0.0328125
2 0.66328125 0.61640625 0.2234375 0.046875
1 0.5609375 0.7765625 0.0828125 0.028125
1 0.60234375 0.73203125 0.1640625 0.0328125
1 0.61875 0.8125 0.128125 0.028125
1 0.53359375 0.80234375 0.0390625 0.021875
1 0.62265625 0.6734375 0.1140625 0.0234375
1 0.53671875 0.67890625 0.05625 0.021875
1 0.61640625 0.79453125 0.13125 0.028125
1 0.6046875 0.8359375 0.153125 0.03125
1 0.6 0.75234375 0.1640625 0.028125