0 0.6390625 0.64453125 0.0671875 0.16953125
2 0.35 0.5765625 0.03046875 0.10625
2 0.275 0.5859375 0.0203125 0.08828125
2 0.51171875 0.5765625 0.02734375 0.115625
2 0.45546875 0.54140625 0.0109375 0.05703125
2 0.30234375 0.53671875 0.0109375 0.0515625
2 0.4234375 0.58046875 0.02109375 0.1
2 0.5921875 0.58125 0.02421875 0.1
2 0.5453125 0.54296875 0.01171875 0.06796875
2 0.3734375 0.54140625 0.009375 0.05
2 0.59375 0.515625 0.01015625 0.025
2 0.41875 0.52109375 0.01015625 0.0171875
2 0.33359375 0.5140625 0.0078125 0.015625