1 0.54140625 0.2515625 0.1421875 0.0296875
1 0.53828125 0.29921875 0.153125 0.0265625
2 0.63515625 0.84609375 0.2203125 0.05
0 0.653125 0.6671875 0.1453125 0.040625
2 0.57890625 0.03359375 0.2125 0.0515625
2 0.61171875 0.17734375 0.178125 0.05
2 0.61875 0.48671875 0.2203125 0.0546875
1 0.52265625 0.09609375 0.1546875 0.0265625
2 0.60703125 0.33203125 0.2265625 0.0390625
1 0.48671875 0.18125 0.08125 0.025
1 0.53359375 0.22265625 0.1640625 0.028125
1 0.54140625 0.1390625 0.128125 0.0234375
1 0.45703125 0.15859375 0.0375 0.0203125
1 0.559375 0.2796875 0.1140625 0.0203125
1 0.47265625 0.28203125 0.05625 0.0203125
1 0.540625 0.15859375 0.13125 0.0234375
1 0.525 0.11796875 0.153125 0.0265625
1 0.52890625 0.20234375 0.165625 0.0234375