0 0.5390625 0.65859375 0.07890625 0.159375
2 0.40859375 0.575 0.02265625 0.1109375
2 0.49765625 0.58125 0.02265625 0.1109375
2 0.57109375 0.54375 0.0171875 0.06796875
2 0.6453125 0.575 0.01953125 0.10546875
2 0.4625 0.53515625 0.01328125 0.0546875
2 0.37734375 0.5328125 0.009375 0.05703125
2 0.5484375 0.53828125 0.00859375 0.0546875
2 0.59296875 0.534375 0.0109375 0.06171875
2 0.68671875 0.53515625 0.0078125 0.06328125
2 0.346875 0.5859375 0.01171875 0.075
2 0.41953125 0.5296875 0.0125 0.06015625