0 0.36875 0.30078125 0.08125 0.09375
2 0.7015625 0.41015625 0.028125 0.096875
2 0.62734375 0.41484375 0.0296875 0.103125
2 0.54375 0.42578125 0.01875 0.128125
2 0.44453125 0.409375 0.0265625 0.09375
2 0.365625 0.42421875 0.03125 0.121875
2 0.68515625 0.465625 0.009375 0.0578125
2 0.646875 0.471875 0.009375 0.05
2 0.60390625 0.46171875 0.0109375 0.0578125
2 0.56171875 0.4625 0.0125 0.0640625
2 0.515625 0.4625 0.0125 0.065625
2 0.41640625 0.4609375 0.015625 0.0625
2 0.4671875 0.4640625 0.0125 0.071875