2 0.4859375 0.63046875 0.04140625 0.19453125
2 0.6265625 0.61796875 0.02890625 0.2
2 0.7671875 0.61796875 0.02578125 0.17734375
2 0.89453125 0.60390625 0.0375 0.18515625
2 0.15625 0.63671875 0.03671875 0.21484375
2 0.01015625 0.56171875 0.0203125 0.03828125
0 0.3359375 0.6578125 0.0328125 0.159375
1 0.66171875 0.5625 0.0234375 0.13046875
1 0.69140625 0.5546875 0.0203125 0.14140625
1 0.70859375 0.55078125 0.015625 0.146875
1 0.80546875 0.55 0.02265625 0.13671875
1 0.784375 0.5515625 0.0171875 0.13828125
1 0.73203125 0.54609375 0.02109375 0.1421875
1 0.74609375 0.5640625 0.01796875 0.11796875
1 0.765625 0.51875 0.01953125 0.025
1 0.75390625 0.4875 0.02109375 0.03515625
1 0.76796875 0.490625 0.0140625 0.03203125
1 0.95625 0.55390625 0.0359375 0.14375