2 0.47109375 0.35078125 0.0890625 0.2140625
2 0.32734375 0.39765625 0.0796875 0.2171875
2 0.18046875 0.4328125 0.0703125 0.1921875
2 0.05078125 0.478125 0.084375 0.2046875
2 0.81484375 0.26640625 0.0921875 0.234375
0 0.62109375 0.28671875 0.071875 0.175
1 0.30390625 0.46484375 0.05625 0.1421875
1 0.27421875 0.48046875 0.0546875 0.153125
1 0.2578125 0.48828125 0.05 0.1578125
1 0.15625 0.5125 0.0578125 0.1484375
1 0.178125 0.50625 0.0515625 0.1484375
1 0.234375 0.49921875 0.05625 0.1546875
1 0.21484375 0.484375 0.046875 0.128125
1 0.20625 0.53671875 0.0265625 0.03125
1 0.22578125 0.565625 0.0296875 0.0421875
1 0.21015625 0.56640625 0.0234375 0.0375
1 0.01640625 0.54375 0.0328125 0.153125