0 0.40078125 0.259375 0.0453125 0.178125
2 0.2109375 0.2265625 0.0890625 0.2296875
2 0.05078125 0.18046875 0.0640625 0.2484375
2 0.54140625 0.30546875 0.06875 0.19375
2 0.66171875 0.35 0.053125 0.2
2 0.778125 0.36484375 0.0578125 0.159375
2 0.86875 0.40390625 0.0453125 0.1734375
2 0.96484375 0.42734375 0.046875 0.153125
1 0.95 0.2953125 0.08125 0.265625
1 0.1515625 0.303125 0.0359375 0.134375
1 0.134375 0.325 0.0421875 0.1734375
1 0.16015625 0.334375 0.0515625 0.196875
1 0.1921875 0.32421875 0.0453125 0.1703125
1 0.23671875 0.34609375 0.0453125 0.1703125
1 0.25859375 0.35546875 0.04375 0.178125
1 0.30078125 0.34609375 0.03125 0.1328125
1 0.321875 0.34453125 0.0359375 0.1390625
1 0.34921875 0.36953125 0.0453125 0.1609375
1 0.3796875 0.40078125 0.0390625 0.1109375
1 0.29140625 0.4015625 0.0328125 0.1046875
1 0.30859375 0.43671875 0.021875 0.046875
1 0.3265625 0.4359375 0.021875 0.0484375
1 0.53203125 0.4375 0.0359375 0.075
1 0.79765625 0.44765625 0.0453125 0.1375