2 0.703125 0.609375 0.04296875 0.20859375
2 0.5546875 0.61796875 0.0359375 0.1921875
2 0.8484375 0.62109375 0.0515625 0.17109375
2 0.978125 0.6 0.04375 0.1984375
2 0.0984375 0.64140625 0.05234375 0.2
2 0.25078125 0.62421875 0.05078125 0.171875
0 0.39609375 0.64609375 0.04140625 0.1671875
1 0.77265625 0.55078125 0.0203125 0.14453125
1 0.78828125 0.49140625 0.01640625 0.04921875
1 0.790625 0.56796875 0.0140625 0.10234375
1 0.81484375 0.5546875 0.0234375 0.12890625
1 0.84296875 0.50625 0.0203125 0.06171875
1 0.8828125 0.5375 0.02421875 0.14296875
1 0.859375 0.50234375 0.01484375 0.0671875
1 0.92265625 0.55625 0.01484375 0.1171875
1 0.90390625 0.55625 0.01640625 0.11796875
1 0.90703125 0.47890625 0.01875 0.03671875
1 0.94140625 0.5421875 0.01875 0.13828125
1 0.96171875 0.49453125 0.021875 0.04375
1 0.92265625 0.48203125 0.0125 0.03203125