2 0.37734375 0.6359375 0.0453125 0.0953125
2 0.46328125 0.63515625 0.04375 0.1265625
2 0.5546875 0.646875 0.0328125 0.11875
2 0.28125 0.60546875 0.040625 0.1296875
2 0.34296875 0.575 0.0203125 0.0640625
2 0.4328125 0.58515625 0.0203125 0.071875
2 0.38828125 0.56953125 0.0171875 0.0421875
2 0.48203125 0.5953125 0.021875 0.0640625
2 0.528125 0.60703125 0.01875 0.0546875
2 0.578125 0.61015625 0.0203125 0.0640625
2 0.2625 0.565625 0.0171875 0.0671875
2 0.30234375 0.57421875 0.0140625 0.0578125
0 0.584375 0.775 0.0921875 0.103125