0 0.3140625 0.40390625 0.165625 0.028125
2 0.29921875 0.2234375 0.2109375 0.065625
2 0.26796875 0.04609375 0.23125 0.0890625
2 0.3453125 0.5390625 0.1796875 0.05
2 0.3765625 0.6546875 0.184375 0.034375
2 0.38125 0.76484375 0.146875 0.04375
2 0.41015625 0.85234375 0.1609375 0.0296875
2 0.42421875 0.94375 0.140625 0.0328125
1 0.30234375 0.91875 0.2453125 0.05625
1 0.375 0.175 0.125 0.021875
1 0.39609375 0.16015625 0.1625 0.025
1 0.403125 0.18515625 0.1828125 0.0328125
1 0.39140625 0.21484375 0.1578125 0.03125
1 0.40859375 0.25703125 0.1578125 0.028125
1 0.41484375 0.27890625 0.165625 0.025
1 0.40234375 0.31796875 0.121875 0.0171875
1 0.39921875 0.33671875 0.128125 0.0234375
1 0.4203125 0.365625 0.1484375 0.028125
1 0.4484375 0.39609375 0.1015625 0.028125
1 0.45625 0.31328125 0.096875 0.021875
1 0.4859375 0.33203125 0.0421875 0.015625
1 0.48515625 0.3484375 0.04375 0.015625
1 0.46875 0.540625 0.06875 0.028125
1 0.45703125 0.78984375 0.125 0.0328125