2 0.34609375 0.45390625 0.2109375 0.0828125
2 0.3296875 0.60234375 0.2125 0.0703125
2 0.30234375 0.7484375 0.1890625 0.0640625
2 0.29140625 0.8828125 0.2 0.0765625
2 0.40625 0.11171875 0.2296875 0.08125
0 0.34765625 0.29375 0.171875 0.065625
1 0.38046875 0.65 0.1390625 0.05
1 0.3828125 0.6828125 0.1515625 0.05
1 0.38359375 0.70078125 0.1546875 0.0453125
1 0.36484375 0.80078125 0.1453125 0.0515625
1 0.36796875 0.77890625 0.146875 0.046875
1 0.38359375 0.72578125 0.1515625 0.05
1 0.36171875 0.7375 0.1265625 0.0421875
1 0.40546875 0.76640625 0.0296875 0.025
1 0.43984375 0.76015625 0.040625 0.028125
1 0.43359375 0.77421875 0.0375 0.021875
1 0.3296875 0.95703125 0.15625 0.065625