2 0.471875 0.36796875 0.046875 0.196875
2 0.80390625 0.359375 0.046875 0.2125
2 0.32734375 0.37265625 0.03125 0.21875
2 0.16171875 0.3640625 0.04375 0.184375
2 0.0203125 0.384375 0.040625 0.20625
2 0.9484375 0.3546875 0.025 0.203125
0 0.6328125 0.34921875 0.0375 0.125
1 0.084375 0.4359375 0.0265625 0.134375
1 0.05625 0.44375 0.021875 0.146875
1 0.12890625 0.440625 0.025 0.153125
1 0.1078125 0.42109375 0.015625 0.1078125
1 0.1125 0.5015625 0.01875 0.0515625
1 0.0171875 0.50703125 0.0234375 0.040625
1 0.0390625 0.50703125 0.015625 0.0375