2 0.528125 0.62421875 0.0515625 0.1921875
2 0.21796875 0.63359375 0.03671875 0.196875
2 0.06484375 0.62578125 0.05 0.175
2 0.67421875 0.6109375 0.03203125 0.20078125
2 0.8234375 0.6203125 0.04296875 0.16328125
2 0.9375 0.60078125 0.04765625 0.18828125
0 0.384375 0.6421875 0.02890625 0.1671875
1 0.709375 0.5578125 0.0234375 0.12890625
1 0.73671875 0.54921875 0.01953125 0.140625
1 0.75390625 0.54453125 0.015625 0.14453125
1 0.77578125 0.53984375 0.02265625 0.1390625
1 0.66640625 0.4953125 0.01875 0.03125
1 0.68359375 0.490625 0.015625 0.040625
1 0.79296875 0.56171875 0.01875 0.11484375
1 0.85234375 0.5453125 0.0234375 0.1359375
1 0.79921875 0.48515625 0.02265625 0.03984375
1 0.81484375 0.48671875 0.01328125 0.0328125
1 0.83046875 0.5078125 0.0171875 0.06171875
1 0.8125 0.52109375 0.01953125 0.03359375