2 0.60234375 0.73125 0.2203125 0.05625
2 0.61953125 0.575 0.2046875 0.0484375
2 0.60625 0.88515625 0.184375 0.0640625
2 0.66953125 0.09609375 0.2140625 0.0671875
2 0.64296875 0.25546875 0.184375 0.0625
0 0.65703125 0.409375 0.1765625 0.053125
1 0.5375 0.80078125 0.1546875 0.0296875
1 0.4734375 0.81484375 0.0546875 0.0203125
1 0.5546875 0.8203125 0.1078125 0.021875
1 0.53828125 0.8453125 0.1375 0.0328125
1 0.48671875 0.87265625 0.0671875 0.025
1 0.5171875 0.91640625 0.1515625 0.034375
1 0.48125 0.88984375 0.071875 0.01875
1 0.534375 0.959375 0.125 0.021875
1 0.5359375 0.9390625 0.125 0.0234375
1 0.45390625 0.93828125 0.0390625 0.021875
1 0.51875 0.978125 0.146875 0.028125
1 0.465625 0.99140625 0.046875 0.0171875
1 0.45625 0.95546875 0.034375 0.0140625