1 0.5390625 0.09765625 0.14375 0.0296875
2 0.60703125 0.175 0.1609375 0.04375
2 0.584375 0.071875 0.1828125 0.0375
2 0.60546875 0.30703125 0.2015625 0.046875
2 0.63359375 0.44921875 0.1890625 0.0515625
2 0.65859375 0.77890625 0.2078125 0.0625
2 0.68203125 0.94453125 0.21875 0.078125
1 0.5421875 0.2375 0.134375 0.0265625
1 0.54375 0.25859375 0.1390625 0.0203125
1 0.559375 0.278125 0.1171875 0.0203125
1 0.56015625 0.29453125 0.1171875 0.01875
1 0.5515625 0.34921875 0.1421875 0.0265625
1 0.56171875 0.38046875 0.134375 0.0296875
1 0.57734375 0.4078125 0.109375 0.0203125
1 0.55859375 0.421875 0.146875 0.0234375
1 0.4984375 0.40703125 0.046875 0.0171875
1 0.48828125 0.3109375 0.0375 0.0203125
1 0.48984375 0.3359375 0.03125 0.0171875
1 0.4828125 0.29140625 0.0375 0.0234375
1 0.48515625 0.27578125 0.0328125 0.0140625
0 0.659375 0.5984375 0.1828125 0.0625