0 0.36953125 0.62890625 0.0265625 0.11796875
2 0.53046875 0.6125 0.04765625 0.18203125
2 0.671875 0.6078125 0.03203125 0.20703125
2 0.83203125 0.61796875 0.0515625 0.175
2 0.97265625 0.5875 0.046875 0.2109375
2 0.21015625 0.621875 0.04609375 0.20625
2 0.0640625 0.62890625 0.03125 0.1984375
1 0.9046875 0.546875 0.025 0.12890625
1 0.9328125 0.5390625 0.021875 0.14296875
1 0.86328125 0.54296875 0.02265625 0.14609375
1 0.878125 0.484375 0.01640625 0.04921875
1 0.87890625 0.5625 0.01875 0.10390625
1 0.97421875 0.4734375 0.015625 0.028125
1 0.996875 0.46953125 0.00625 0.03125