2 0.56328125 0.45234375 0.01875 0.0671875
2 0.5171875 0.4375 0.025 0.0609375
2 0.47421875 0.42265625 0.01875 0.0546875
2 0.428125 0.41171875 0.0203125 0.059375
2 0.38203125 0.40390625 0.025 0.0703125
2 0.33203125 0.38828125 0.028125 0.065625
2 0.28203125 0.3765625 0.0234375 0.06875
2 0.2296875 0.3640625 0.0234375 0.0703125
2 0.53125 0.2765625 0.0390625 0.1109375
2 0.45234375 0.271875 0.046875 0.13125
2 0.375 0.24921875 0.0421875 0.1140625
2 0.28046875 0.2171875 0.04375 0.090625
0 0.66796875 0.2875 0.0984375 0.2109375