2 0.40859375 0.52578125 0.0109375 0.0640625
2 0.45546875 0.52890625 0.015625 0.05625
2 0.4984375 0.53203125 0.0125 0.0515625
2 0.54296875 0.53046875 0.0125 0.05625
2 0.58828125 0.5265625 0.0171875 0.0640625
2 0.6375 0.52890625 0.0203125 0.0625
2 0.6859375 0.5265625 0.0140625 0.0625
2 0.73671875 0.52578125 0.0140625 0.0640625
2 0.48125 0.68046875 0.0265625 0.10625
2 0.55546875 0.665625 0.0296875 0.125
2 0.63125 0.6671875 0.0296875 0.1078125
2 0.7265625 0.6734375 0.03125 0.0859375
0 0.35390625 0.70390625 0.071875 0.196875