2 0.540625 0.6171875 0.04375 0.18671875
2 0.22578125 0.625 0.0453125 0.20234375
2 0.67734375 0.6125 0.02890625 0.2078125
2 0.834375 0.62109375 0.04140625 0.17421875
2 0.9734375 0.60234375 0.04453125 0.196875
2 0.0890625 0.62890625 0.02421875 0.19296875
0 0.38828125 0.634375 0.03515625 0.11796875
1 0.9078125 0.55234375 0.025 0.128125
1 0.934375 0.54453125 0.0203125 0.13984375
1 0.86640625 0.5484375 0.02265625 0.14453125
1 0.88515625 0.56640625 0.01484375 0.10234375
1 0.88125 0.48984375 0.0171875 0.04921875
1 0.97109375 0.48515625 0.021875 0.0375
1 0.9515625 0.48515625 0.01484375 0.03515625
1 0.9921875 0.48125 0.015625 0.040625