1 0.1140625 0.6109375 0.046875 0.1453125
2 0.2046875 0.66328125 0.0625 0.1640625
2 0.09765625 0.6609375 0.059375 0.1875
2 0.33671875 0.6375 0.0734375 0.2078125
2 0.48359375 0.63671875 0.0765625 0.1953125
2 0.8171875 0.596875 0.0890625 0.215625
2 0.9671875 0.5875 0.065625 0.228125
1 0.2546875 0.5875 0.04375 0.1375
1 0.275 0.584375 0.0375 0.140625
1 0.2984375 0.59609375 0.034375 0.1203125
1 0.31484375 0.59375 0.0328125 0.11875
1 0.36796875 0.575 0.0453125 0.1453125
1 0.40078125 0.578125 0.0453125 0.1359375
1 0.43203125 0.5890625 0.034375 0.1140625
1 0.44140625 0.5671875 0.0421875 0.1515625
1 0.415625 0.51015625 0.0234375 0.05
1 0.31796875 0.51796875 0.025 0.040625
1 0.34375 0.515625 0.0203125 0.034375
1 0.29609375 0.5171875 0.028125 0.040625
1 0.28203125 0.52265625 0.0171875 0.034375
0 0.6375 0.63359375 0.084375 0.1890625