1 0.38515625 0.36953125 0.1578125 0.0625
1 0.40234375 0.11484375 0.0484375 0.034375
2 0.29140625 0.23046875 0.1609375 0.08125
2 0.2953125 0.12890625 0.1765625 0.078125
2 0.29140625 0.03984375 0.1578125 0.0453125
2 0.315625 0.3484375 0.196875 0.0859375
2 0.3203125 0.48046875 0.1984375 0.096875
2 0.34609375 0.8 0.2296875 0.1171875
2 0.3640625 0.9640625 0.246875 0.071875
1 0.41640625 0.51640625 0.1515625 0.0578125
1 0.4203125 0.54609375 0.1578125 0.059375
1 0.43046875 0.69296875 0.1515625 0.0578125
1 0.43359375 0.65234375 0.1625 0.0609375
1 0.4359375 0.63203125 0.165625 0.0578125
1 0.41875 0.7328125 0.1265625 0.05
1 0.4453125 0.74375 0.1625 0.0578125
1 0.50625 0.70546875 0.0640625 0.0390625
1 0.45859375 0.59453125 0.1171875 0.0453125
1 0.4359375 0.58828125 0.0796875 0.0359375
1 0.40546875 0.57578125 0.134375 0.0484375
1 0.49296875 0.5640625 0.046875 0.03125
1 0.4890625 0.5453125 0.0453125 0.025
0 0.31484375 0.62890625 0.1796875 0.0671875