2 0.5640625 0.4140625 0.0703125 0.215625
2 0.22421875 0.38046875 0.05625 0.2171875
2 0.05625 0.37734375 0.06875 0.1953125
2 0.72265625 0.440625 0.05 0.2234375
2 0.8859375 0.44140625 0.059375 0.18125
2 0.9875 0.47109375 0.025 0.2078125
0 0.40703125 0.3828125 0.04375 0.1859375
1 0.75703125 0.5015625 0.034375 0.14375
1 0.78671875 0.5125 0.0328125 0.1546875
1 0.80390625 0.51875 0.0265625 0.159375
1 0.828125 0.52578125 0.0359375 0.1546875
1 0.70546875 0.56640625 0.0234375 0.0359375
1 0.72265625 0.5734375 0.0203125 0.0453125
1 0.8484375 0.503125 0.0296875 0.1265625
1 0.9125 0.5265625 0.0359375 0.1515625
1 0.85 0.58828125 0.028125 0.0453125
1 0.8671875 0.5875 0.0171875 0.0375
1 0.8859375 0.565625 0.0234375 0.0703125
1 0.8671875 0.54921875 0.025 0.0390625