0 0.40546875 0.5890625 0.025 0.1765625
2 0.5484375 0.559375 0.04375 0.190625
2 0.6890625 0.53671875 0.040625 0.1828125
2 0.815625 0.54765625 0.05078125 0.15703125
2 0.91875 0.525 0.04765625 0.1765625
1 0.8578125 0.47890625 0.0203125 0.1296875
1 0.8890625 0.48125 0.01875 0.1140625
1 0.87421875 0.49140625 0.0109375 0.09765625
1 0.86875 0.4234375 0.01328125 0.03828125
1 0.9109375 0.43359375 0.01796875 0.04296875
1 0.9375 0.41953125 0.01171875 0.0328125
1 0.921875 0.4203125 0.0125 0.02890625
1 0.99609375 0.4578125 0.00703125 0.09765625
1 0.98359375 0.44921875 0.01015625 0.08125