1 0.653125 0.56171875 0.02578125 0.14296875
1 0.8765625 0.49375 0.0234375 0.03984375
2 0.79609375 0.6171875 0.04375 0.14140625
2 0.88671875 0.5921875 0.0375 0.15703125
2 0.9796875 0.578125 0.03515625 0.14609375
2 0.6859375 0.61953125 0.03984375 0.17578125
2 0.5671875 0.6421875 0.05 0.17421875
2 0.2765625 0.684375 0.06171875 0.2015625
2 0.1078125 0.70625 0.05859375 0.21875
1 0.51640625 0.5640625 0.02421875 0.1375
1 0.4890625 0.5671875 0.021875 0.14296875
1 0.35546875 0.5875 0.0234375 0.1375
1 0.390625 0.5765625 0.02265625 0.14765625
1 0.40859375 0.5703125 0.01953125 0.15234375
1 0.321875 0.60625 0.01953125 0.11484375
1 0.30703125 0.58515625 0.01953125 0.15
1 0.328125 0.52265625 0.02421875 0.05390625
1 0.43671875 0.5421875 0.01875 0.10546875
1 0.446875 0.5609375 0.01796875 0.07109375
1 0.46484375 0.58671875 0.01796875 0.121875
1 0.45703125 0.5046875 0.0203125 0.040625
1 0.475 0.50546875 0.0140625 0.03828125
0 0.43671875 0.67734375 0.025 0.1625