0 0.39921875 0.684375 0.025 0.16484375
2 0.21875 0.69609375 0.0609375 0.20859375
2 0.0421875 0.72421875 0.084375 0.22890625
2 0.53359375 0.65546875 0.0453125 0.17578125
2 0.64921875 0.62578125 0.03046875 0.18359375
2 0.75859375 0.6234375 0.03984375 0.1453125
2 0.846875 0.596875 0.0265625 0.16015625
2 0.9375 0.58359375 0.02890625 0.140625
2 0.996875 0.5765625 0.00625 0.134375
1 0.9109375 0.7046875 0.05078125 0.24296875
1 0.171875 0.6203125 0.0203125 0.1234375
1 0.1578125 0.59765625 0.02265625 0.1609375
1 0.1828125 0.59140625 0.0296875 0.18203125
1 0.21171875 0.6046875 0.02734375 0.15625
1 0.2546875 0.58828125 0.02578125 0.15703125
1 0.27578125 0.58203125 0.02265625 0.16484375
1 0.31484375 0.59453125 0.015625 0.12109375
1 0.33359375 0.5984375 0.02109375 0.128125
1 0.36171875 0.57734375 0.025 0.14765625
1 0.39375 0.55078125 0.02578125 0.1015625
1 0.3109375 0.54140625 0.0203125 0.0953125
1 0.33046875 0.51171875 0.01640625 0.0421875
1 0.346875 0.51328125 0.015625 0.04453125
1 0.5375 0.5328125 0.02578125 0.06796875
1 0.78515625 0.5484375 0.0296875 0.12421875