0 0.40546875 0.4 0.1859375 0.046875
2 0.45390625 0.54375 0.2046875 0.06875
2 0.49609375 0.6859375 0.19375 0.065625
2 0.50078125 0.81953125 0.16875 0.0734375
2 0.53671875 0.9234375 0.1890625 0.071875
1 0.57734375 0.85390625 0.1359375 0.0375
1 0.57890625 0.88671875 0.1203125 0.034375
1 0.56640625 0.87265625 0.103125 0.025
1 0.63671875 0.85859375 0.0421875 0.01875
1 0.63125 0.903125 0.0453125 0.0234375
1 0.64921875 0.92890625 0.0359375 0.0171875
1 0.64609375 0.9125 0.03125 0.0171875
1 0.62421875 0.98046875 0.084375 0.021875