2 0.65546875 0.53671875 0.2 0.0609375
2 0.640625 0.203125 0.21875 0.0640625
2 0.6609375 0.68203125 0.221875 0.046875
2 0.68125 0.84765625 0.1875 0.05625
2 0.66953125 0.9796875 0.2109375 0.0328125
2 0.63515625 0.0578125 0.20625 0.0390625
0 0.6625 0.37421875 0.1265625 0.046875
1 0.61484375 0.93046875 0.1375 0.0359375
1 0.6078125 0.959375 0.15 0.0328125
1 0.60703125 0.88671875 0.1546875 0.0359375
1 0.62734375 0.90546875 0.1109375 0.0234375
1 0.54609375 0.90625 0.053125 0.021875
1 0.546875 0.99375 0.040625 0.0109375
1 0.54609375 0.98046875 0.0390625 0.01875