2 0.41015625 0.7140625 0.2125 0.0625
2 0.3890625 0.56640625 0.196875 0.053125
2 0.41171875 0.8609375 0.175 0.065625
2 0.44375 0.97890625 0.203125 0.0421875
2 0.325 0.11171875 0.2046875 0.0703125
2 0.35625 0.2625 0.175 0.065625
0 0.346875 0.41015625 0.171875 0.05625
1 0.475 0.778125 0.146875 0.0328125
1 0.5359375 0.7890625 0.0515625 0.0203125
1 0.459375 0.79765625 0.1046875 0.0234375
1 0.475 0.8203125 0.13125 0.034375
1 0.52578125 0.8453125 0.0640625 0.025
1 0.49765625 0.8875 0.1453125 0.0375
1 0.53046875 0.8609375 0.06875 0.021875
1 0.4828125 0.92890625 0.1203125 0.0265625
1 0.48125 0.91015625 0.1203125 0.028125
1 0.55859375 0.90625 0.0390625 0.021875
1 0.4984375 0.94609375 0.140625 0.03125
1 0.54765625 0.96328125 0.0453125 0.025
1 0.55625 0.9234375 0.0328125 0.015625