0 0.61953125 0.675 0.07578125 0.08671875
2 0.3125 0.57421875 0.02734375 0.08828125
2 0.38125 0.56953125 0.02734375 0.0953125
2 0.45859375 0.56015625 0.01796875 0.11875
2 0.55 0.575 0.02421875 0.08671875
2 0.62265625 0.5609375 0.028125 0.11328125
2 0.32734375 0.5234375 0.00859375 0.053125
2 0.3625 0.5171875 0.0078125 0.046875
2 0.403125 0.52734375 0.01015625 0.053125
2 0.44140625 0.52578125 0.01171875 0.059375
2 0.484375 0.52578125 0.0109375 0.059375
2 0.57578125 0.52734375 0.01328125 0.0578125
2 0.528125 0.52421875 0.0125 0.065625