1 0.87578125 0.55078125 0.0234375 0.1375
2 0.7984375 0.61328125 0.0359375 0.153125
2 0.89921875 0.5953125 0.0296875 0.17578125
2 0.6703125 0.60859375 0.03984375 0.19296875
2 0.53203125 0.63046875 0.04375 0.18203125
2 0.21171875 0.64296875 0.053125 0.2
2 0.05078125 0.66015625 0.0671875 0.2109375
1 0.740625 0.54921875 0.021875 0.1296875
1 0.7203125 0.55 0.01484375 0.134375
1 0.7 0.5640625 0.015625 0.11328125
1 0.684375 0.5640625 0.01328125 0.11328125
1 0.63203125 0.5546875 0.021875 0.1375
1 0.60078125 0.5625 0.0234375 0.128125
1 0.5734375 0.57734375 0.01640625 0.10625
1 0.5609375 0.55859375 0.0171875 0.1421875
1 0.57734375 0.50078125 0.015625 0.04609375
1 0.67109375 0.49375 0.01796875 0.03671875
1 0.64609375 0.49453125 0.0140625 0.03125
1 0.690625 0.4890625 0.0203125 0.0359375
1 0.7046875 0.4921875 0.01171875 0.03125
0 0.38671875 0.65 0.05390625 0.17421875