1 0.31015625 0.3984375 0.04375 0.1546875
1 0.0640625 0.4453125 0.0296875 0.0453125
2 0.1640625 0.3234375 0.0625 0.15625
2 0.06484375 0.340625 0.0578125 0.171875
2 0.28203125 0.33359375 0.0625 0.1921875
2 0.4109375 0.32265625 0.071875 0.1921875
2 0.72578125 0.309375 0.0875 0.221875
2 0.90859375 0.3046875 0.0859375 0.2390625
1 0.4578125 0.41171875 0.040625 0.1484375
1 0.48671875 0.41171875 0.0390625 0.1546875
1 0.63203125 0.40390625 0.040625 0.1484375
1 0.59140625 0.41171875 0.0421875 0.1609375
1 0.57265625 0.41640625 0.0390625 0.1640625
1 0.66875 0.38828125 0.034375 0.1234375
1 0.68203125 0.4125 0.0390625 0.1625
1 0.65234375 0.4765625 0.03125 0.059375
1 0.5390625 0.44375 0.03125 0.1140625
1 0.53046875 0.421875 0.0265625 0.078125
1 0.51328125 0.39296875 0.0328125 0.1328125
1 0.51328125 0.48125 0.0265625 0.0453125
1 0.49453125 0.478125 0.0203125 0.0421875
0 0.5546875 0.29921875 0.0453125 0.1765625