2 0.55546875 0.37265625 0.0921875 0.0359375
2 0.54453125 0.45703125 0.1234375 0.03125
2 0.546875 0.55 0.1171875 0.0203125
2 0.534375 0.27421875 0.128125 0.0265625
2 0.4984375 0.33203125 0.0625 0.0140625
2 0.49921875 0.42265625 0.0703125 0.0140625
2 0.4875 0.3765625 0.040625 0.0125
2 0.50390625 0.47265625 0.0625 0.015625
2 0.51015625 0.51953125 0.053125 0.0140625
2 0.50859375 0.56953125 0.0625 0.0140625
2 0.49609375 0.25078125 0.0671875 0.0109375
2 0.50078125 0.29140625 0.0578125 0.009375
0 0.671875 0.59296875 0.0953125 0.0828125