2 0.4265625 0.5203125 0.00625 0.06171875
2 0.471875 0.52578125 0.0125 0.0546875
2 0.5125 0.53203125 0.00859375 0.05
2 0.55546875 0.5328125 0.009375 0.05390625
2 0.5984375 0.5328125 0.01171875 0.06171875
2 0.64609375 0.5375 0.0140625 0.05859375
2 0.69296875 0.53984375 0.01015625 0.0609375
2 0.7421875 0.54140625 0.01015625 0.06171875
2 0.48671875 0.67265625 0.0171875 0.10078125
2 0.55859375 0.66328125 0.0203125 0.11875
2 0.63125 0.6703125 0.0203125 0.1015625
2 0.72265625 0.6828125 0.025 0.08046875
0 0.36171875 0.68671875 0.05546875 0.1859375