2 0.3390625 0.53046875 0.215625 0.1015625
2 0.4046875 0.20234375 0.215625 0.0875
2 0.45 0.0453125 0.196875 0.090625
2 0.3171875 0.6875 0.21875 0.0828125
2 0.27109375 0.840625 0.18125 0.084375
2 0.26875 0.95 0.2015625 0.0640625
0 0.35390625 0.375 0.184375 0.071875
1 0.36484375 0.73671875 0.1421875 0.05625
1 0.3671875 0.7671875 0.153125 0.0546875
1 0.36796875 0.7859375 0.15625 0.05
1 0.3671875 0.8109375 0.1515625 0.0578125
1 0.440625 0.7078125 0.0375 0.0265625
1 0.4421875 0.72578125 0.046875 0.025
1 0.340625 0.8234375 0.125 0.046875
1 0.34296875 0.890625 0.1484375 0.0578125
1 0.41953125 0.84921875 0.0484375 0.034375
1 0.4140625 0.86484375 0.0359375 0.021875
1 0.38828125 0.8765625 0.06875 0.0328125
1 0.378125 0.85390625 0.0421875 0.0296875