0 0.25546875 0.61796875 0.1109375 0.103125
2 0.44375 0.31953125 0.1015625 0.0515625
2 0.4296875 0.39296875 0.1078125 0.053125
2 0.4203125 0.47734375 0.1296875 0.05
2 0.38046875 0.57109375 0.096875 0.0484375
2 0.375 0.6515625 0.1265625 0.0609375
2 0.49453125 0.3484375 0.0578125 0.0234375
2 0.490625 0.38828125 0.0515625 0.021875
2 0.46953125 0.42734375 0.0609375 0.025
2 0.4609375 0.46953125 0.0671875 0.028125
2 0.45 0.5140625 0.0671875 0.028125
2 0.4234375 0.61015625 0.0640625 0.0296875
2 0.43984375 0.56171875 0.0734375 0.0296875